,bandPower(){}_0_delta,bandPower(){}_0_theta,bandPower(){}_0_alpha,bandPower(){}_0_beta,bandPower(){}_1_delta,bandPower(){}_1_theta,bandPower(){}_1_alpha,bandPower(){}_1_beta,bandPower(){}_2_delta,bandPower(){}_2_theta,bandPower(){}_2_alpha,bandPower(){}_2_beta,hjorthActivity(){}_0,hjorthActivity(){}_1,hjorthActivity(){}_2,hjorthMobility(){}_0,hjorthMobility(){}_1,hjorthMobility(){}_2,hjorthComplexity(){}_0,hjorthComplexity(){}_1,hjorthComplexity(){}_2,sampEn(){}_0,sampEn(){}_1,sampEn(){}_2,DFA(){}_0,DFA(){}_1,DFA(){}_2,PFD(){}_0,PFD(){}_1,PFD(){}_2,LZC(){}_0,LZC(){}_1,LZC(){}_2,HFD(){}_0,HFD(){}_1,HFD(){}_2,ApEnt0,SaEnt0,Sh_Ent0,fuzzy0,Multiscale0,Sp_ent0,wave_ent0,EEG_mean0,EEG_std0,EEG_kurt0,EEG_var0,EEG_skew0,ApEnt1,SaEnt1,Sh_Ent1,fuzzy1,Multiscale1,Sp_ent1,wave_ent1,EEG_mean1,EEG_std1,EEG_kurt1,EEG_var1,EEG_skew1,ApEnt2,SaEnt2,Sh_Ent2,fuzzy2,Multiscale2,Sp_ent2,wave_ent2,EEG_mean2,EEG_std2,EEG_kurt2,EEG_var2,EEG_skew2
0,89.64622892205867,16.068581203471048,6.7309142969705835,25.437281940738718,811.3105395136292,159.4645995885445,60.104297388906474,225.1885672136586,787.2761311950356,155.54168628956768,94.59170477816551,302.42358659895615,10.23007238512374,17.79557390070527,8.270706547505796,0.18323833958055386,0.12910565574391542,0.1289254270058804,3.744999811648521,5.459472873005094,5.8272043172036625,0.014627246571470251,0.15652159872741928,0.27769086072058274,1.2671414248173605,1.2073507463466095,1.1196695717059424,1.0148202807145912,1.0157520340735837,1.016582191056044,0.21039565354563863,0.23032787335522545,0.32777428131320546,1.950948842734837,1.9127682738207081,1.9484923203035596,0.3125615278419862,0.22769651815958478,12.45763738099176,0.23337826686510038,0.17952762811797993,6.301862905473345,1.3828595005346973,-13.52627807895798,6844.879292925427,19.890357385992957,46852372.534719296,-1.490424863096327,0.280562144683826,0.19459771027063155,12.45763738099176,0.2155565328905129,0.1684195756738549,6.2657754512511765,1.3782772732531634,41.633310177018615,8348.089742745808,16.851429362028885,69690602.35293777,-1.35285543519953,0.035532897136993036,0.0033462381791983797,12.45763738099176,0.0376754159333246,0.0003761060219976502,7.332230600235108,1.3425090178218175,1.6114588519458328,8826.923651230398,77.59923633991143,77914581.14465058,-2.2671403122387472
1,21.71015687492479,6.763955282686267,6.08263553570293,27.31956543219172,176.46673842915482,54.09899959026596,51.89959137384956,234.14880244882295,233.4991651351286,85.88192696382833,72.2215279475253,310.14316647282766,0.006231749008528608,0.460219116620694,0.9923908009315571,0.3488453254633819,0.35931199704454436,0.3285834514406545,2.5441371818272973,2.484951417134938,2.704735908395185,0.7910412450256389,0.8468575049903794,0.7170777304829978,1.023177647402695,1.0166156680211849,1.015189949383548,1.0173197003956715,1.0174373804948593,1.0174373804948593,0.35435057439265455,0.35656526548260864,0.4119325427314609,1.9992671313313248,2.013711562676943,1.9676851435530023,0.9264754025459383,0.8536475726815943,12.45763738099176,0.6395766896428526,0.29695471756020303,7.5581032099774434,1.3824601520931132,27.85920084205057,1620.8182163017018,13.700226872571204,2627051.6902954304,-0.22149921158698635,0.9561735998069465,0.8993068408095433,12.45763738099176,0.6547142235122355,0.35826405480112533,7.563804247808502,1.3820097329402254,28.1413336382486,1551.6949680774503,12.798543888798452,2407757.2739568795,-0.2782760344106561,0.6992521338712687,0.46502108808475856,12.45763738099176,0.5168824492736004,0.23306130763791136,6.736648638315394,1.384804545909526,-0.6744293952036731,103.48284195483343,19.21811330096274,10708.698579049034,-1.544702909884166
2,32.73805090013221,12.473772533045391,10.566891412519936,34.54144101406912,283.19842261033085,107.01593515587052,90.94248491961882,297.62715297525074,359.84709370938606,146.51135142623696,123.03485247909893,398.6506823097393,0.00497583126949046,0.3808104701005432,0.48421136726605796,0.4145936079231931,0.40756442019110256,0.4836903966714931,2.1617853553111295,2.198674233102023,1.8516024795612667,0.6216505739097391,0.6435929185068044,0.5684733545811861,0.9604536165722696,0.9688631828925844,0.8657074280772253,1.017547625454264,1.0175770110298636,1.0175182343734228,0.33220366349311364,0.3388477367629759,0.37649748529219546,1.954887816373252,1.9525773003860127,1.9825564940192753,0.7222493988184926,0.510943091864419,12.45763738099176,0.6861787546493372,0.13798911360119215,8.371312893364207,1.3741091294711527,38.17424362377496,1428.1077644315706,55.28689449785859,2039491.786829738,1.0661430003455616,0.7496963870477504,0.5561519548468716,12.45763738099176,0.6717063274541422,0.15341129682461443,8.155571323305894,1.3764619658769786,21.63304193997378,1460.7602506548176,48.31673222697049,2133820.5098931254,1.137337530321783,0.7698660452384098,0.6097056791193256,12.45763738099176,0.6510536931644394,0.16016117141555475,7.909952501330255,1.3790303058631384,-0.8257821747643881,45.65759475150813,37.339161199052384,2084.615958492943,-0.6904273308840362
3,17.966640646672673,6.234468681041301,5.534293131144278,23.0001951680308,154.59324989746335,53.57598034286568,47.57270962110986,197.60155982740082,198.7895923171957,74.26419722234209,64.90690665964416,266.02594662676427,0.0023523176880152707,0.17780698079502683,0.2532442740269944,0.515696366018861,0.5090027103933574,0.571385952150386,1.7889742998820592,1.8124052124734762,1.6131651024522546,0.6168502982064349,0.6456069223899997,0.5102341129485726,0.8420802115076803,0.8501297469744503,0.7772350478224272,1.0176871579487459,1.0176724761593314,1.0176871579487459,0.316700825863435,0.316700825863435,0.3233448991332973,2.023716439059173,2.0226150173496564,2.033606072755295,0.7490929993785684,0.4626325847059155,12.45763738099176,0.8283560535055133,0.14094118357694926,8.238553912757537,1.3652729351719568,36.78211024277413,1020.5883436046603,32.965321686093226,1041600.5671017041,0.5381801854316872,0.7861854122083605,0.5226662558012598,12.45763738099176,0.8194814179721841,0.16595124962886781,8.11640743067834,1.3686458262431584,28.425719729614144,1028.8820237565458,29.839166126892522,1058598.218809365,0.5606217438213139,0.8407892864189561,0.6250854412627291,12.45763738099176,0.8217573063786442,0.19844400572634485,8.097071670911227,1.370416448469388,-0.2536263219661117,30.972645590568394,28.816363233299835,959.3047748789559,-0.4307182632399696
4,26.64501894718356,12.273724588777714,8.330303306867773,30.119462220226445,224.20504847451488,107.15429000734959,73.13435137425355,264.05306601037114,312.50216747829813,143.98175146488893,98.52589852304357,350.9000683491787,0.02547860787878457,1.6465804313844292,11.892391932276059,0.18612920185091952,0.2034555213974638,0.10770040891019193,4.242739232443072,3.906957849182531,6.843225169771765,0.3457357272658446,0.4160367479097464,0.11499793770246136,1.0202101164763668,1.0117027575448063,1.0529084698469549,1.0171945684419261,1.0173859063170678,1.0166339298953901,0.33441835458306773,0.35656526548260864,0.35877995657256273,2.2375607296141227,2.210763574188286,2.3921048847400996,0.3914553401162768,0.22962890367234726,12.45763738099176,0.2906404094280607,0.1165879991154974,6.383961066554158,1.3860297379219104,-6.596053592034593,4626.201828547114,15.293160532819098,21401743.358452663,0.5276000309936985,0.487486356691055,0.34133839792777687,12.45763738099176,0.34367883656038595,0.1389835957495879,6.866082378925903,1.3857752163983734,2.922898241365772,3634.3975757558906,16.807273608449687,13208845.738660295,0.5799808622637307,0.36397125042971346,0.18943071303558404,12.45763738099176,0.2861349221063274,0.10073633242366922,6.329256701830712,1.385998449222989,0.6087346199547314,176.30924864603904,14.309576395344788,31084.951158130814,-0.6950291791508691
5,49.59817832385532,15.339045522356614,9.607510120355599,28.385634857263007,452.10682107920036,144.2500243015933,86.1666033912652,246.31292396315115,713.3906573473853,239.3439797960874,99.61087670719904,316.14710214334707,0.04113107406065373,2.9558374850095737,13.461382350195414,0.1866466639269904,0.1929955896298463,0.12390594255037808,4.39173488955433,4.242171828152302,6.3331532442531975,0.30298354275850986,0.36098341003647705,0.17936355022093806,1.1552303487257343,1.1447746922713058,1.1917853111320844,1.0166560984503703,1.0167521259352355,1.0161824868826386,0.2502600931648123,0.26354823970453684,0.3144861347734809,2.0017061195073813,2.0209506964421653,1.8825786770943742,0.4392293333487127,0.2850044961314152,12.45763738099176,0.2808206201252344,0.30639987676225455,6.249533326006346,1.3859889221667325,21.485160695811288,4980.882209662836,10.812109635925712,24809187.586535737,0.4140566026749655,0.5099622936260935,0.3610753852049086,12.45763738099176,0.318749655072869,0.40618228157861214,6.6120209217608,1.3856497336626346,78.24209734342547,4150.943537149299,9.180504648233038,17230332.248601537,0.3243783534353204,0.42645426594327684,0.2840571630829781,12.45763738099176,0.27036505185689264,0.35254033790110406,6.030153642578145,1.386207238646255,0.4419671826375311,207.70746327626722,6.821936149170922,43142.39030066189,-0.4152098977794308
6,264.5205102032582,50.81166151427616,20.970948877657015,62.300201700316926,269.3051670268619,93.08769119605648,64.74476778806921,250.4609653363001,282.42488257296606,115.52921266305069,86.2834956785538,327.4681350467422,0.17712401707663786,1.4192130484757643,0.9897663884604332,0.12975188574614163,0.2354704515057948,0.3635184802918341,5.71439423606354,3.77599929316934,2.463468284763065,0.11028045930841711,0.4909869613078127,0.6082013363925722,1.1704215051447,1.1190627427083335,0.9834081323479064,1.0169440044442968,1.0173711963054697,1.0175182343734228,0.2657629307944909,0.2701923129743991,0.3454918100328382,1.9180514954265948,1.9693606034054705,1.9897433798044728,0.7278508830249026,0.5807725021834488,12.45763738099176,0.5273053076010914,0.17997750552692637,7.103253195781876,1.3845036623005496,3.918149063350821,2140.7797750661607,7.9076060682678655,4582938.045332322,0.3524210227441893,0.6830351667632195,0.5504616296054965,12.45763738099176,0.4816031481443363,0.19661900318948164,6.532536052760367,1.3860688788210607,-8.596334356418495,2415.3516555715687,5.01775931729113,5833923.620072317,0.1224818443163522,0.06070537819906019,0.01484156571321886,12.45763738099176,0.06786847784143803,0.09805717263948091,6.727448651382395,1.3861265519826713,-1.789933542814683,1116.4207481892117,44.109580682305875,1246395.2869873592,-0.7816422202470751
7,2.5360280040518655,0.9399501458337569,0.4170643291547376,5.1818260574048285,24.234183379156185,7.9798660819443885,3.449986476609205,44.52818146772222,24.70827391579997,10.310701664974072,4.631870920810808,56.361341778311534,0.001046247304151137,0.07474721794354418,0.10564585302442178,0.7398548462705189,0.7531689934276987,0.8117811297789247,1.2627647422427701,1.2404858125532052,1.1498724085158656,0.6522590262827558,0.6201556793293485,0.5689323210200388,0.7884365488644993,0.7638401283961245,0.6423413514766333,1.017540278200265,1.017540278200265,1.017540278200265,0.2524747842547664,0.24583071098490408,0.23254256444517954,2.0709965190041917,2.0654469300861327,2.1013039302109005,0.590395392463853,0.5130215190046107,12.45763738099176,0.9648807083410391,0.08713441797467156,8.4720587192265,1.1706953123497998,7.387995081767698,652.6575865691955,184.27051290414133,425961.9253063268,0.6957039733681079,0.6324498108652223,0.5559303727651151,12.45763738099176,0.9613005341188474,0.10806447888045058,8.4228076665182,1.214734919712837,-2.3064094617089665,659.2333245330897,165.3609397603899,434588.57617495,0.715323494127478,0.6266390997775235,0.5060883918976177,12.45763738099176,0.7624560482037301,0.05590865398106444,7.2325609356241305,1.3609092760214436,-0.0134011062771581,33.87847100253866,31.91498144905784,1147.7507974698526,-0.6770539391429281
8,3.819181215714581,2.9210457988452303,3.8251108718649585,22.42137173915384,33.072737824131366,25.014378375346524,32.95524230002398,192.43997595359463,41.98066885640384,33.593053246804345,43.58388740230933,253.1493622764296,0.0007681656225080102,0.056579141571660024,0.09869896058623219,0.8492281724187005,0.8510665487492778,0.8287523503058221,1.102997948224439,1.100694498062091,1.1290144741702675,0.5428459181624862,0.5315252506687264,0.6616154815995269,0.5931805250635311,0.5864106076167942,0.658735077254104,1.017540278200265,1.017540278200265,1.017540278200265,0.22368380008536318,0.1971075070059141,0.2546894753447205,2.064406539523464,2.0634623088191435,2.0690294156744997,0.6121043325212727,0.5621533990243436,12.45763738099176,0.9964889745403934,0.10130573902079891,8.131140234793621,1.00506510307739,2.8052890423275727,624.4479672100147,209.54492755852002,389935.2637527196,0.35406434940865167,0.5920136537368106,0.5265352497164847,12.45763738099176,1.000815286383539,0.08827807007426901,8.063562719743429,0.9769020642691923,4.219079818641205,614.3131914564708,208.07902634149684,377380.6971974345,0.4032264039281091,0.7360514434163439,0.701007825438682,12.45763738099176,1.012946056909391,0.1430140234408052,8.107372534268482,1.1006385613145342,0.0913884535660631,18.770828618438642,185.05420298013118,352.3440070227951,-0.5763493145776818
9,7.5784561749387445,7.287758092417182,9.725536032446282,48.58861104255246,65.2104774273228,62.48845784961729,83.4904972991781,416.53810274449927,86.33190765797065,82.53428987120766,111.20958948725584,551.7241739511618,0.002590433640719422,0.20440390188007102,0.2631183932902262,0.6499956640692979,0.6285979870760334,0.7224603027667088,1.4070047382533615,1.4547912565740309,1.265093349617689,0.45640750126029894,0.44919087905732885,0.4753587453068242,0.6710346047878343,0.6764451542076488,0.6501864243876154,1.0175917017539573,1.0175917017539573,1.0175917017539573,0.22811318226527136,0.20153688918582227,0.25690416643467456,2.1052984100334675,2.1063313810373625,2.0994789759853427,0.5251053999763529,0.43426952800250507,12.45763738099176,0.8214966769427908,0.06105092263097281,9.586424767018505,1.2720215337115492,-9.461935187898078,1006.8502295456756,233.3626709886682,1013747.3847361796,2.1626881609512787,0.5225691677019442,0.4237571142499383,12.45763738099176,0.809880962916297,0.06657084276620634,9.444172622321583,1.2833817516390351,-13.14142995422624,1032.7703993448936,198.95024027831,1066614.6977630109,2.0104195984185886,0.643410782172154,0.5501990983150792,12.45763738099176,0.8105296664578606,0.09522168122676651,9.397731902488466,1.3075486857694378,0.0455103058555863,31.265227921896415,186.14025277486596,977.5144770081313,-2.087148373682094
10,13.83685077512446,3.3818026657676157,2.7074252148534885,10.799031843675621,124.02655657686226,29.740236173550052,23.51892451253146,93.38888085915255,132.8468450394366,39.084796161393236,30.23759804520316,117.84466589574217,0.003813394279329184,0.31604448032809684,0.2666837216327231,0.46978546785846703,0.44397113292354806,0.6235851613978242,1.9370277901176562,2.0493581119088122,1.458189610403243,0.39481239644426824,0.3868092444114708,0.505892615249361,0.8994195407496767,0.9175983504476677,0.7884359342493572,1.0175770110298636,1.0175770110298636,1.0175770110298636,0.2214691089954091,0.1971075070059141,0.25690416643467456,1.909690106513827,1.9001928034487847,1.9848524145500492,0.571241295743012,0.4149148765182392,12.45763738099176,0.8002301597148145,0.10878455539146915,8.765947789755858,1.337017817970148,-8.310072418288911,1063.6763587018645,168.42279773535782,1131407.3960612575,2.0587770530371325,0.5423437016775234,0.37954322349114483,12.45763738099176,0.7624737874771584,0.1266546552575155,8.243800280343926,1.359399092564886,-8.152780710645146,1162.438434738694,112.33878783219217,1351263.114557745,1.5161969180838666,0.6431838280401712,0.5008563618847932,12.45763738099176,0.7701131173646213,0.1420160022849467,8.307689776553175,1.3583107363648477,-0.2157982159278582,34.28873056161094,116.66767149901104,1175.7170435267521,-1.8265243046007567
11,1.9111778960827965,0.45884529721272216,0.2763775260616367,2.5553986612074078,16.189524253758314,3.681156979657562,2.329853738567996,21.42927949543935,20.694575743266476,4.91962471545588,3.071097528287745,26.88708730686045,0.00035444495185708315,0.02661795629654018,0.03927132763923696,0.8815501582565913,0.8789147585206505,0.8906059620407208,1.0792474338975664,1.0824953928329422,1.0681790719358337,0.691272596308173,0.6979211475262446,0.6840788811393819,0.6177844441597128,0.6278699846493729,0.5951964156563403,1.0175182343734228,1.0175182343734228,1.0175182343734228,0.1971075070059141,0.18381936046618955,0.20153688918582227,2.062871900908911,2.062501504514742,2.073096835932555,0.6242053698813192,0.6165076363118006,12.45763738099176,1.144133216070142,0.12505836365789988,3.012582644563415,0.813626847173922,10.319628777425066,400.90054583757956,-1.2470643844228093,160721.24765286924,-0.0005437150026895196,0.629348842502329,0.6250479723308721,12.45763738099176,1.1422376648044614,0.11824376808018082,3.0460274020389697,0.8511325255925418,11.759509130241696,402.3601316752852,-1.219288347467757,161893.67556175284,-0.0030488417509720736,0.7992932516924309,0.8141902184393948,12.45763738099176,1.1720357249878888,0.20188037478563475,3.5806056980416443,1.0651284442741653,-0.5877595195414539,12.405836050495095,-1.0104201290543287,153.90476811176376,-0.011008073454409073
12,2.1501709349617633,0.6345348216408797,0.3545574426572865,2.9171308133556852,19.735416499249897,5.613213601214349,3.1835155898786325,24.439809283523658,21.976625349418548,5.701669162911651,3.228061977686048,30.023679765468465,0.0003347215657917979,0.02525332095854595,0.03843395081855728,0.9063022682409996,0.9018519526553239,0.9001218579423724,1.0494686201731243,1.0546096037024228,1.056689007065625,0.6229712180341781,0.6369404086527494,0.6627725788930158,0.5269283615430193,0.5365014888210994,0.5779375489324688,1.0175182343734228,1.0175182343734228,1.0175182343734228,0.17496059610637318,0.16388714065660273,0.16167244956664864,2.061255057207854,2.0619116212305886,2.064050066501032,0.5925096519970499,0.5752415790738881,12.45763738099176,1.1441670052064126,0.09677516897794826,3.453212649408892,0.7187843526494839,2.701695525228459,396.9436120093224,-1.2972614522066843,157564.23111500748,-0.0013826492779074001,0.5844738503687594,0.555807093868716,12.45763738099176,1.1441035816406717,0.08496340588923847,3.4653879704321136,0.7269602551078632,8.257803466720034,396.7897812282058,-1.2913710222351453,157442.13048712743,-0.0025231460346146774,0.737506917002333,0.7413105462554651,12.45763738099176,1.1819111583255837,0.14054122240599654,3.803132164079955,0.8973627885661016,-0.0885417594085229,11.969892231707316,-1.1752262797686623,143.27832003868716,-0.001131766828800593
13,27.59156849962049,12.575599572470907,8.90394312935118,40.23595367345649,258.1891153196061,116.38573493728737,77.79513206140834,350.41913959221415,197.38244403979718,96.94755636748488,104.23465976920599,453.78048420551,0.0038396314229131013,0.31045054613780515,0.5436129754979804,0.3722549502868521,0.36006877873990334,0.34851115895842083,2.31873544083471,2.3848069198683484,2.5282665589055906,0.7166084940474697,0.7027851117363076,0.5722693805164035,0.9428924428467891,0.9502763552951486,0.9992893991623013,1.0174961874485149,1.0174814877769223,1.0175549723641855,0.24804540207485817,0.2657629307944909,0.28126576842416956,1.9594464452895488,1.9599097045454095,1.8864695997929142,0.7470045713056104,0.6575034415226727,12.45763738099176,0.6523899204052411,0.17115012385922915,7.323939653843705,1.3813650515801972,9.72389649141236,1281.565549453866,23.925479758920293,1642410.2575469892,-1.1391564098611824,0.7755889057042098,0.7041596662345783,12.45763738099176,0.6574830228602482,0.17836392754632344,7.586462704098693,1.3810699048698887,-5.667463059339781,1265.451291486005,27.23533076992376,1601366.9711235978,-1.338319483855094,0.7916410331876782,0.7265744046958441,12.45763738099176,0.6420453284039026,0.19640844127768817,7.21516943416986,1.3821208400543583,-0.4172898108023555,39.00137714963583,19.364688305935964,1521.1074195681356,1.1797646002395452
14,11.294360303216338,4.6658523538534675,3.5456025096507213,17.986830292969962,117.20152232346283,47.84587809305134,35.3387238279456,169.21261917406258,109.81157052528366,49.99452481743148,40.05171343705712,199.7058885845473,0.002943003490017294,0.3260513774524143,0.35201234389336544,0.39973779062004755,0.37229583065897104,0.3542675698648753,2.3078394179485664,2.4629823509331024,2.5744289337476416,0.7704467089175244,0.6781053211291479,0.696939765694531,0.9827466385997216,1.002955000060417,0.9996715112477922,1.017547625454264,1.0175329306021503,1.0175990466002098,0.3189155169533891,0.316700825863435,0.3676387209323791,2.141430695854664,2.1569596102495687,2.1667514651095234,1.0525146574512587,0.9986161293862941,12.45763738099176,0.9070889086775088,0.4323760934997067,7.4088254338527575,1.3721199077075388,12.719511223285132,592.8751862694595,14.20023218106018,351500.9864940463,0.8269673698753632,0.9954878818157056,0.9224221831898012,12.45763738099176,0.809508354838802,0.44432325261647526,7.339187753150678,1.377811363897737,-0.8876654320639403,752.1860783636137,10.404223779888376,565783.8964840324,0.9545007877473984,1.060862752371214,1.0263267648052197,12.45763738099176,0.8254408625372013,0.49503961137258906,6.841933555708424,1.3819471939587895,-0.1644872801526156,21.59385126061446,6.279927049350665,466.29441226554076,-0.4397444273230726
15,8.259204480906632,3.3806828020643627,2.7117365608703974,11.558969660911758,89.36502348373212,35.703538396811254,26.9740888757681,116.77584340968144,88.58407448206182,40.00158788622225,33.507142433951074,144.40053271253512,0.0025699118465914743,0.2961692677867974,0.33376902392350033,0.39622969662579743,0.3642372515029283,0.3424289115032388,2.3260988967778524,2.514784847219934,2.6533005938497793,0.7816806063624346,0.6986142567606289,0.7053508333454429,0.996521135861328,1.0275658093637783,1.021041176016207,1.017540278200265,1.0175255826598824,1.0175696651519475,0.35213588330270046,0.33220366349311364,0.365424029842425,2.0330630971342836,2.023025968846723,2.022686901602689,1.0420264630947194,0.9723886158486922,12.45763738099176,0.9700448318162417,0.3201801589447716,7.152454125714252,1.3647017270869342,10.008778599700484,505.1071321687273,10.388465394081393,255133.21496771614,0.4803906354286832,0.9713846310920027,0.9018468096603935,12.45763738099176,0.8510984282499806,0.30265585368063275,6.994544174934941,1.3758334010819764,2.5563817059059177,665.1695294291809,12.581337126998823,442450.5028810379,1.1274873151345612,1.0936892657432709,1.057935517693574,12.45763738099176,0.8824579066530805,0.4528543557173426,6.747628199311785,1.381144045730367,-0.6135486251304427,18.98621495120372,4.711903027129035,360.4763581733117,-0.136721951435803
16,6.131600791548169,2.8893814605377313,3.8322709376397577,18.29765767139981,53.99329127090422,24.923756957860576,32.4048934253597,154.96244054805013,66.37653781580276,35.7629312887018,47.29647440653325,224.32529211247805,0.0011108741647156211,0.0962421093671026,0.09770538850534996,0.41063702081700965,0.3767704777715632,0.510787239739413,2.2523813106722677,2.452835187627774,1.8091559238248538,0.9227352715151863,0.9279524854119104,0.9082687484767811,1.0007527929043072,1.023770993957579,0.9265403197844653,1.017547625454264,1.017547625454264,1.017547625454264,0.35213588330270046,0.31227144368352683,0.40085908728169045,2.0510489801857923,2.0473197552311433,2.0257797188242757,0.8958305249651706,0.8475387803187369,12.45763738099176,0.8588556077942963,0.3683618864231599,7.120516457267488,1.3732069238339544,-5.27460273606818,581.6662280987155,29.07800233133591,338335.60091058695,0.5449003606705337,0.9319257733874635,0.8989378431769884,12.45763738099176,0.8255852938692139,0.4567744488289682,6.776824148635323,1.3785375645908375,-15.827762632181706,626.5192788309815,18.813349960111353,392526.40674689325,0.4012855038557607,0.9929125950088671,0.961404717937714,12.45763738099176,0.824555244720735,0.5248528544896892,6.7401125643110955,1.3797670596419878,0.6417438490969458,19.506187071250437,16.127397743899405,380.4913340586177,-0.310767085881665
17,3.83143039156496,1.0001750148876072,0.5962065826903271,3.9557889170591114,35.84395999472528,9.935899192507705,5.295329338261025,33.87090402282334,47.87181362684065,11.285533786859148,6.702218679501268,45.81492491934751,0.0006255414298448368,0.05205443914242372,0.047787384646367226,0.46520779162106274,0.4380796790726776,0.5921783962802474,2.0259765026074112,2.149892046048619,1.5917106967369608,0.960245352998011,0.9474956535970571,0.8622048604398601,0.9570015072909727,0.9691600664740093,0.8223007859247838,1.017540278200265,1.017540278200265,1.017540278200265,0.33441835458306773,0.33441835458306773,0.37871217638214955,2.036106447688102,2.033840838345088,2.021642904800349,0.9233753628913357,0.877758795565527,12.45763738099176,0.9702689042160283,0.37013645691452435,6.225087051200279,1.3668435360373603,4.26500417391545,436.64807719955263,10.794219844413739,190661.54332206649,0.19079342131342866,0.9689587452676189,0.9362228097704013,12.45763738099176,0.9390222887306219,0.4167177305626351,5.912956018871178,1.3766087265182714,-1.3424327690347582,472.7900540085036,7.296573169119139,223530.43516936374,0.3230395407603355,1.0534207099193802,1.038357568254891,12.45763738099176,0.9663435686703126,0.4467885627379496,6.156047177811654,1.3746600018934099,0.0913525326178801,14.13297847975363,7.948174455994263,199.74108070917922,-0.4332029297135328
18,119.45164744054478,21.33850833283777,7.956659938874634,115.91387797639146,72.62361434306985,21.00079759676209,32.334529880024384,130.86659059523524,61.17514911849173,23.2518813599496,35.64566424346282,166.2083947035824,0.2960781212094498,0.09249836309210833,0.09479244345655108,0.454113525505943,0.5868078114980545,0.6658420130715778,2.0841339914558015,1.5960091197074835,1.3993215956231222,0.08203310824451068,1.0186742058725995,0.8288072367011616,0.9529656604217104,0.8223973103831247,0.7759928036997954,1.0175182343734228,1.0175549723641855,1.0175549723641855,0.28790984169403183,0.2701923129743991,0.2945539149638941,1.9603668536557128,2.0061187218130385,2.016005968956668,0.8477715235050285,0.713022615947145,12.45763738099176,1.0696909069075808,0.14534688651587588,7.508720459883617,1.340048841383469,-4.743467151784287,636.7091181472306,37.43571310498991,405398.50113182404,0.13886456090567545,0.8860777095762997,0.7595031857216559,12.45763738099176,1.0534122599345221,0.15361107085903386,7.44331046487005,1.348919522646531,-10.356182782926382,653.3599384603964,32.97184975572549,426879.209184973,0.09322712638740274,0.7178199176028026,0.07856588300582205,12.45763738099176,0.4765541171237747,0.16966715200734273,5.620991519386274,1.3818289043779726,-0.7467924116929661,1388.6811351614635,6.826611572637027,1928435.2951533312,0.7035849828581516
19,118.38215779606941,27.882178586116396,12.834916143738878,114.14790846123273,43.50026463888541,34.96978453907518,48.090510536652886,277.61849716223276,62.578482172220696,47.19269890850364,63.96043774618259,361.9703708705371,0.20248171771355555,0.07259130001375548,0.11554922778327312,0.4510419413553244,0.8413639284440357,0.8297752546329525,2.0927154894580284,1.11849770520276,1.131345356824841,0.09905830796570728,0.7844953908858903,0.5804951378405321,0.9635139588090542,0.6528669967876761,0.6646956888869917,1.0172387440661608,1.017547625454264,1.017547625454264,0.21261034463559272,0.2657629307944909,0.26354823970453684,1.8947888944069233,2.058475847448986,2.0613926940998635,0.6367141451814335,0.4915990717041004,12.45763738099176,0.9722158792769695,0.07306122897001659,8.736989020592366,1.0823469474498504,20.35473063834803,684.8952545426779,181.57757379469055,469081.5096950795,-0.8511878954654875,0.6526228805113274,0.5206625688075622,12.45763738099176,0.9755446027891364,0.07805086209791506,8.709187636678303,1.0792718276461781,17.089395595215734,677.6761739803285,178.6566978815652,459244.9967806164,-0.873022894353674,0.7106233488754774,0.08917093356833104,12.45763738099176,0.43735872950890814,0.1704011262941539,6.1693733736679395,1.3819874816979896,-1.417584218046555,1160.8423651400951,4.2860960246612905,1347554.99670405,0.43542794212056524
20,2.3119519498001746,0.6649729157005747,0.30841574150309825,2.740745437930718,22.400616160809214,6.664134640792426,2.599159586524271,23.07595083268574,19.536602665266606,4.172251003459174,2.6997398888387836,28.594106231677472,0.0003434255534135729,0.02629223501893167,0.03922818972827056,0.895331980701571,0.8838320653725801,0.8929269374225021,1.0623817967974436,1.0761182047992899,1.0653996891464461,0.6051572082497795,0.6475481232483231,0.6405018314938633,0.5723512770444423,0.6010444317428696,0.5880645419708049,1.0175108857427335,1.0175108857427335,1.0175108857427335,0.18824874264609773,0.16610183174655682,0.18603405155614364,2.067623631869646,2.0701181202240817,2.0741917625314255,0.6238383201431739,0.5873600211282471,12.45763738099176,1.1348515765415284,0.09147844462072942,3.057832746816964,0.8649318058424686,9.487686925529928,404.1251301556101,-1.1861658966872453,163317.1208232888,-0.004220726038688958,0.6334869592920938,0.6002994636360178,12.45763738099176,1.1345357940385143,0.10505959883349393,3.12055558286931,0.8887528168881815,11.954750618318869,404.8572784972634,-1.1604010373558267,163909.4159522107,-0.004043693061231485,0.805811016454486,0.7644217537106447,12.45763738099176,1.1033293320294661,0.13444197237836858,4.540092766027352,1.3369428259582918,-0.2772007800647391,14.678115500748723,1.574392879797637,215.4470746533199,0.4738530681559731
21,12.48091587788483,8.063625708241226,8.439919379132206,34.77064203341824,106.6807062495176,69.39640000018827,72.56236289432417,299.0562189398131,131.439494371037,90.62887467911398,93.80185428069495,388.4811347255056,0.006101366144800966,0.45333220961900395,0.6557419236517347,0.4259998188589751,0.4249406696293208,0.4574367969841989,2.027983089901979,2.033092731501239,1.8879826275400469,0.37797780502382156,0.42006550318550373,0.3919274149218295,0.7767231144872819,0.7829126833482347,0.7375324055068408,1.0172166578101098,1.0172019319105103,1.0172166578101098,0.3720681031122873,0.3477065011227923,0.35213588330270046,2.2793026562154024,2.2770316425018247,2.274520415749122,0.6807341467821559,0.3649093117814135,12.45763738099176,0.6780937838833702,0.07697206598114711,8.619256313477477,1.375899969051789,-3.6239972947385866,1662.1411847200168,30.84540026151228,2762713.317942461,0.3404753437554025,0.6815613745446334,0.37928533400978337,12.45763738099176,0.6745220507612584,0.08093214372812257,8.54710133424139,1.3769805765760246,-7.779352261988194,1670.7974253484656,29.361116608546453,2791564.036551061,0.4717606114269745,0.7297038647495393,0.463474206839274,12.45763738099176,0.6618563939646819,0.09472894467194853,8.46155605840254,1.3784887319405872,-0.272524931865405,51.122020593702814,26.606214573652327,2613.460989582975,-0.6122959648041445
22,20.338813634254343,10.21446552887116,6.345153061807014,19.26001939232781,174.46813405187984,88.05290710069218,54.60335150273757,165.65680419216534,219.77419294043182,111.90648860758068,70.96591367399438,213.43200981111767,0.006934597130215857,0.515450875819902,0.7281404416425138,0.4150287374480948,0.41382430978061946,0.4519988173421869,2.0885493084382825,2.0945769077543357,1.918093663231342,0.5354226500411867,0.5578714804577027,0.526189451278767,0.9090145064221989,0.9115370008964997,0.8602014361193732,1.0170767058751329,1.0170767058751329,1.0171061798271894,0.37871217638214955,0.3720681031122873,0.3831415585620577,1.9888845403111308,1.989569406995468,1.996650363767258,0.7845166900740064,0.5289993378228769,12.45763738099176,0.6122463322519429,0.10347712319560917,8.665498032001668,1.3753621799421107,22.40338419218913,1753.4193395611683,25.19956059954478,3074479.380347124,0.3075945672513562,0.781666621445114,0.5398099840081385,12.45763738099176,0.6077347205598101,0.11050529319377886,8.57689460768497,1.3765267417832607,20.529985721302594,1767.8093546936545,23.62808299433995,3125149.9145423956,0.40888960249291534,0.7644874767716323,0.5204849780329374,12.45763738099176,0.5941847422469339,0.1155700748957996,8.462399178022615,1.378059377158833,-0.5117375557338668,54.15626889442618,21.244757865508443,2932.901460565392,-0.5023487209587564
23,7.244957654082091,7.27752296425375,9.7704490390169,46.39950291133188,61.982317634838665,62.61820683275805,83.69196345625386,398.0815535046631,84.35914047784645,82.42881649536119,110.6951716331007,524.1580577637955,0.0014399787335452124,0.10684164025169263,0.1768647723995091,0.7858080305561671,0.7842724826396021,0.7867888998404986,1.1654240032902767,1.167884405814916,1.1620887083951372,0.4914063434975399,0.523055241743402,0.41082191308585436,0.631059818801557,0.6449215646328355,0.5921523387059558,1.0175696651519475,1.0175696651519475,1.0175696651519475,0.23254256444517954,0.23697194662508772,0.22589849117531727,2.07917136421603,2.0787917488514336,2.0788210117922414,0.4895355293990966,0.3658967466639469,12.45763738099176,0.8927776393621195,0.03567106860452952,9.311222714474953,1.1522926804215343,2.888753595603731,848.7754309562623,330.0171830658964,720419.7321949889,-1.8310931703579416,0.523804291028009,0.40560245534218076,12.45763738099176,0.896524244121976,0.04609726667781952,9.283435511350193,1.1568137360403048,5.075240761004693,839.8168564858031,322.2345515057663,705292.352437696,-1.805546408774312,0.5816324227447791,0.48057675518890375,12.45763738099176,0.9069439658316445,0.054649151382236145,9.302445750562462,1.167557144546202,0.0777793090783789,25.088629894188646,317.9576731278646,629.4393499675762,1.592262965757997
24,2.824167781977777,0.6879783007812543,0.35018191341002425,2.8018282234512872,33.76344029296288,7.116593073343498,3.5130456954098097,23.737556654590342,24.976913788903218,6.827564477226793,4.127896763850826,30.339919564843807,0.00037735621046938614,0.03150684516046968,0.0402437026646494,0.8432024962656873,0.7968818016595421,0.8720109862327033,1.1278144436702262,1.1929943379738794,1.0908233736930062,0.7089449185991723,0.6933863589832053,0.6586830718277222,0.6541410671118217,0.6871033211281041,0.6207409115962369,1.0175182343734228,1.0175182343734228,1.0175182343734228,0.20375158027577636,0.21261034463559272,0.21261034463559272,2.0633490097619354,2.0558321375158157,2.0683145732435997,0.6410569627798921,0.5868780619093998,12.45763738099176,1.138045663534838,0.11874428758820058,3.173263388605047,0.9479697244740963,-19.17645077707651,403.3035083099387,-1.0995902516067741,162653.7198151048,-0.01752777219337377,0.6664753181535059,0.6143704216537808,12.45763738099176,1.1311452788028593,0.14970090022162585,3.4633481544742315,1.0741922189058692,-11.765253106672615,413.2371290479016,-0.8755242978841205,170764.92482375205,-0.041784810823703944,0.8144814280798207,0.7603037270066616,12.45763738099176,1.1287850780095336,0.21841760720388825,4.353628997348728,1.290779200383709,0.2251237931594949,13.941223078963024,0.4845406345569976,194.35770093741127,-0.037668448201617175
25,4.482057008072136,3.963582634640462,5.488457466616177,31.687247814636883,40.231918257932605,34.027844898132976,47.06049597373902,271.8069245243817,46.59775312316336,45.49007727313146,62.038983167395536,358.0378650326862,0.0008850268947801789,0.06657915321259852,0.10693379320996897,0.8362362524564508,0.8294234640600406,0.84095561650389,1.120313604169939,1.1294489687065343,1.1132297608594282,0.6161867234846223,0.6213301463059375,0.568159746603046,0.6327844485215683,0.6376159536802634,0.5932059005219775,1.0175696651519475,1.0175696651519475,1.0175696651519475,0.24804540207485817,0.2524747842547664,0.219254417905455,2.075684389552501,2.0766965868143363,2.0750460071983987,0.5838797224864312,0.49651460213062376,12.45763738099176,0.975379010249172,0.07654727678135621,8.800289044410276,1.017652378577652,-17.03988688788469,655.6252778457721,151.85945568113894,429844.5049503458,-0.7488043957942186,0.6126016034797188,0.5180856423612323,12.45763738099176,0.9777888546462719,0.08529111560371727,8.766208566525659,1.0395535092848305,-10.24276726099292,651.2937512670577,146.30215560081382,424183.550439516,-1.0509492752545697,0.7187034225464299,0.661143569188952,12.45763738099176,0.9941618465945213,0.12937647576130784,8.785286028533667,1.0703628488177257,0.4278633293093623,19.589271891826595,137.57642523083607,383.7395732519075,0.7522823257080796
26,5.887217272783994,1.2769581457334325,1.045805169474708,8.061890839053056,62.90766231244255,17.85556284626867,9.17057694846779,70.07787562014705,85.36323448496614,21.36787208967081,11.487698132099375,87.43593320874169,0.0013283305469609522,0.1027751983884585,0.16954937378681365,0.692482253678166,0.6772955131918719,0.6815193100056088,1.3392063850482347,1.3689153625464048,1.3580842074637918,0.7252843979725391,0.7501799839487607,0.6769053050398052,0.7923076731616379,0.8041470000121491,0.7901829142920896,1.0175843565638543,1.0175843565638543,1.0175843565638543,0.3233448991332973,0.3189155169533891,0.2901245327839859,2.0293078835121947,2.029935959093579,2.030685099503057,0.7695539751462501,0.6353967055851043,12.45763738099176,0.9069234835997712,0.15810519781552382,8.709456905438534,1.292019297328534,-4.616885758371097,797.2771396196134,93.161155303949,635650.8373600326,-0.13137733714502092,0.8012390756268584,0.670535831158538,12.45763738099176,0.909122377416871,0.1633188354768737,8.64581974920486,1.2954058798491712,1.6401168573098488,790.6972957592561,89.25204050881318,625202.2135210005,-0.30410441618359263,0.7795290251763651,0.6250270789513951,12.45763738099176,0.7994930811010508,0.17428096458781178,7.807327923564605,1.3696112900143418,0.1306858980317793,31.335148176192796,31.92138687878969,981.8915112239588,-0.16676027212981584
27,3.884575224310022,3.4484987373519034,4.691909281240189,26.267014933735577,33.341179343193886,29.37968525851519,40.08933676916418,224.86763490711027,47.80704625457126,39.73982531319581,54.0413425058326,299.36404223806915,0.0007890882568864811,0.05927296575589511,0.09928377062338277,0.8167904510750117,0.8094522291354799,0.8101537311692332,1.137579265354981,1.1481839802576135,1.1446725499096537,0.5783054942962158,0.5889411186062474,0.6090475396813143,0.6426799406322297,0.6614792709054557,0.6266131541686611,1.0175696651519475,1.0175696651519475,1.0175696651519475,0.2502600931648123,0.2546894753447205,0.23032787335522545,2.053852637473432,2.0507678569454204,2.05884998286953,0.577257249139858,0.51972844393598,12.45763738099176,0.9914357599838057,0.07218343042054069,8.524834176665625,1.0534986838807412,-0.173309204304445,626.2776658912031,150.14027244322335,392223.71479413344,0.4258279704919408,0.5722501797419026,0.5184248310896649,12.45763738099176,0.9936749016632366,0.08279819720467387,8.468374524752535,1.0586014055914852,6.479464468457863,619.1512064536176,143.36723289490487,383348.2164529702,0.3204754725345448,0.6635224781119318,0.6269536003344784,12.45763738099176,1.011952702183183,0.118365359358843,8.523175355182786,1.06803073790754,-0.0250989102699046,18.53954478032728,147.86430232786503,343.7147206617605,-1.0106333795969467
28,1.5312030797108236,0.6046613866846744,0.6252776173856229,4.573946672415552,12.976048366864303,5.083771327599729,5.355091631059155,39.292510829949435,18.04603814836628,6.550297033711095,6.949064887645862,50.265864933642746,0.0011516521341610167,0.08528770142788863,0.1432633923559893,0.7896710699447793,0.789649074101543,0.7847302443297989,1.1542595476207025,1.1545280884176325,1.1596836225372975,0.47294915968603285,0.4736938000040485,0.4768980236278288,0.5826390808053485,0.5878075630677266,0.5906772468565334,1.017547625454264,1.017547625454264,1.017547625454264,0.17717528719632727,0.17717528719632727,0.21261034463559272,2.1173751222274486,2.115536578634208,2.124046041899749,0.48074289959285066,0.39253798115934463,12.45763738099176,0.9152213021633525,0.04047804567576584,9.411082374819356,1.105709638857111,-5.86844537341959,761.9687732779371,511.99918774415505,580596.4114506843,-2.870607533355829,0.48714063093237137,0.4038835307011071,12.45763738099176,0.9190251368556355,0.04391912351487143,9.3770361043203,1.104306211043448,-2.5661001940468395,752.6804514982621,505.5997359791574,566527.8620676276,-2.8932341361792684,0.595477790029749,0.518363499102883,12.45763738099176,0.9302282983015688,0.07566922610222548,9.39353661253214,1.1272100681330286,0.128492087695643,22.505303926521517,489.3402360474373,506.4887048251048,2.94743303089263
29,5.368911346055297,4.812921463636411,6.353102347851876,30.50524571094274,46.49397923955547,41.28081376584697,54.61699398814416,262.05939678074947,59.42183137931386,54.32445319869359,71.64065325809227,343.2962286047264,0.001210604032043201,0.08972754128532918,0.15182044915816917,0.7702333258664454,0.7699084510690406,0.763232968531239,1.1830381516170645,1.183783247739968,1.1921500487491756,0.6229404936499978,0.6150740502414928,0.6350853375439376,0.6850700588961411,0.6873953791617844,0.6891268120244137,1.017540278200265,1.017540278200265,1.017540278200265,0.22811318226527136,0.23475725553513363,0.23475725553513363,2.0514504776338334,2.051327284575102,2.0481683445066117,0.6303713006604168,0.5633731863518144,12.45763738099176,0.9097750010146681,0.07345599290983618,9.372219135650179,1.1189793528266798,-4.819945191900885,776.5666308584862,474.39956036633447,603055.7321629004,-2.706952345016312,0.634388849878126,0.5738748303774195,12.45763738099176,0.9133932040197239,0.0849311864692614,9.348088298055487,1.1172247432105635,-0.379312490624045,766.6962452616277,469.4633231193849,587823.132498278,-2.7337204094076206,0.7558707461392031,0.7054274429913693,12.45763738099176,0.9198463943477005,0.1261577363973737,9.309156897644232,1.164948684307011,0.1033309442691579,23.194093141787476,433.502944451391,537.9659566699128,2.687566310493631
30,1.98820962889231,0.497776288525325,0.2941888680194722,2.816330511790603,17.93296733742242,4.474137886484356,2.616514106504027,23.634939224038277,24.60158234575809,5.274157073540174,2.7774728711872902,29.769221048113415,0.00036247974517637717,0.02828858065295958,0.04093291908692927,0.8494572941694909,0.8296067174754898,0.8601621422471362,1.1193285540930658,1.1460761451412431,1.1053036953993483,0.7628652301732912,0.7746199133471761,0.7710414030022888,0.6818439848319441,0.7109601055702358,0.624454082226491,1.0175108857427335,1.0175108857427335,1.0175108857427335,0.20153688918582227,0.20818096245568454,0.219254417905455,2.070040627633942,2.0690296680781803,2.079047932237711,0.686492057403159,0.6906920119747032,12.45763738099176,1.138012225707566,0.1646896798356671,2.9384620385894893,0.983970631735544,-4.9997760312057125,403.5524811140276,-1.1057873641502731,162854.6050132876,0.0034525087805473953,0.6972896269566777,0.705257474361771,12.45763738099176,1.1341170466211783,0.1983491223181739,3.055918251796077,1.0337271227270965,-1.6206613700229298,406.4934858519839,-1.0378176397494305,165236.95404009704,0.009441939789011517,0.8218587635108685,0.8369897018002341,12.45763738099176,1.1708445160158627,0.20314338383985678,3.3326500666840784,1.0905258343976336,0.1659918708795369,12.22803845054681,-0.9848281173256241,149.52492434805123,-0.024569429636855513
31,2.237179972410825,1.5406951615739575,1.9796189849593149,9.772408862112249,19.518422113013592,13.264385306294628,16.97011150818597,83.85103052839207,26.131704586014727,17.31366707886533,22.50691113802546,110.03291003101347,0.001579954949878653,0.11728946624001713,0.2004765959319565,0.7489492256137816,0.7466501606704636,0.7445937789836053,1.1956468641413456,1.1995276080722599,1.2003482192419332,0.4504995566479549,0.45610221303368054,0.48081401830892556,0.6164078337536649,0.6318119880567377,0.6090231890390717,1.0175329306021503,1.0175329306021503,1.0175329306021503,0.20818096245568454,0.19489281591596,0.23032787335522545,2.1639950931068626,2.1611864265980305,2.1724739468846765,0.5072321861918105,0.42044692720707505,12.45763738099176,0.8473302629991635,0.05081235603378377,9.6641577490819,1.0528970057369458,-4.205586326141415,898.187915581761,592.5104771968618,806741.5316971086,5.936196540666823,0.5054274650781974,0.41330068554157134,12.45763738099176,0.8514549326614055,0.048169493983879846,9.642238073740241,1.0554369600899836,1.1234407207030443,885.5220636535594,585.8355200410248,784149.3252172584,5.977220737192831,0.577664108588992,0.5095298886739966,12.45763738099176,0.861293090051919,0.07088699995682043,9.643575516669475,1.0639005403724533,0.1174434922322724,26.420750269685396,580.3109995953769,698.0560448130809,-6.096149715410488
32,314.8606367791577,36.87684491063234,12.642004134010786,71.11198166133872,97.54439695037237,42.68928130447554,54.56776855304237,251.36247758220014,104.90021517206401,56.47821239154013,72.52040967246003,334.07449208859146,2.2063497962622365,0.30614762744694907,0.3049844296313057,0.061199745810671495,0.5243783587076634,0.692932295182793,11.806142388832278,1.7198691330749334,1.3020127315082912,0.018119126675039853,0.4328621996928562,0.6238179872475701,1.3496926527987454,0.9331567574860375,0.7974635514830721,1.0161083553862644,1.0175549723641855,1.0175549723641855,0.19932219809586818,0.23032787335522545,0.3011979882337564,1.8473173997810142,1.9665079748278023,2.0529107659669363,0.6995464291312503,0.5331324894559185,12.45763738099176,0.7540669902862666,0.1382530761899926,9.178375849047551,1.3019980173061425,0.2381552961828532,1148.5581256310952,239.43702472034556,1319185.767953215,2.717139977189933,0.6744649588461225,0.49669588028563544,12.45763738099176,0.7446051370098483,0.148438408209934,8.978533505724249,1.3202079826919855,5.141901647170727,1170.1547066980777,207.46815013999978,1369262.0376076642,2.4571895256068426,0.15554894146548182,0.01552362761587128,12.45763738099176,0.09901539925931496,0.1834296045686533,4.744131660184305,1.3862935251973287,0.5391147305776616,3815.786713404407,7.982115692937896,14560228.242193606,-0.405028948000332
33,1.8637427415853232,0.6019715796817859,0.49579664029155246,4.296421090283804,16.557262156688534,5.322128097375458,4.248846435669095,36.80038069135644,31.78671423729595,7.781203020080745,5.5764731775926775,47.85784136021168,0.20452015823229946,0.060443660703941554,0.10489953500257988,0.05594499366446956,0.8070244115013804,0.7924359498313359,15.340919996139432,1.1655120247342525,1.185873888281996,0.01131269881903514,0.5918909097640412,0.6372078660921134,1.2923993843554622,0.7012192959900623,0.7006327652185341,1.016951379695246,1.0175329306021503,1.0175329306021503,0.22368380008536318,0.24583071098490408,0.26354823970453684,1.9342067208661018,2.1021672811708174,2.0953243839611515,0.6664324097647762,0.5740274570279135,12.45763738099176,0.975215301586565,0.07361648196715756,7.792312789638022,1.2530863573787037,-14.157488811976949,658.7168999158446,174.8904493481904,433907.9542347409,-0.6694531303605378,0.6611046862049772,0.5611165104856167,12.45763738099176,0.9714367689963004,0.06884210443266739,7.718148266928767,1.2713178357844848,-5.810633603467224,661.2270444169884,160.1952950811087,437221.204268426,-0.8076789626686893,0.0325476182954787,0.0033288413110643743,12.45763738099176,0.052162699303619685,0.0002870947890445526,5.313317672825167,1.358056173889082,-0.1406198647129337,1188.8510540210477,31.63015649831143,1413366.828646956,-2.311116433389597
34,2.0891304569991584,0.45777613170378295,0.2869036095574903,2.4722880671174137,18.002900455386012,4.050475108702641,2.489712156152825,20.425424309281603,28.80650865254882,5.434504219249375,2.56663532105998,25.827174949085233,0.00042053808558683507,0.03219927014625407,0.0453165667190271,0.7949617260546152,0.7833532904072954,0.8280541428396311,1.1956502922658852,1.2132912182128437,1.1479079407386712,0.8259317642402895,0.8369235745645005,0.8072292467301847,0.7244869172320991,0.7332143542431013,0.6710978384278196,1.0175108857427335,1.0175108857427335,1.0175108857427335,0.27905107733421547,0.27905107733421547,0.2701923129743991,2.078197021218215,2.077790958279477,2.0792589956213128,0.7366849162290086,0.7359318462868882,12.45763738099176,1.1292712910450218,0.1716692072059238,2.4529287256398162,1.1536689695226712,-4.080342357115768,421.2210262341927,-0.9465153830901234,177427.15294178648,-0.0025130499472300802,0.7553395213171603,0.7594169718660609,12.45763738099176,1.1237687095682969,0.200888735277975,2.6269605814705788,1.1914718242836417,-2.0447499727264216,426.152663104953,-0.869581804625581,181606.09227144354,0.006109353485230403,0.8878124204162248,0.8943500675963636,12.45763738099176,1.1408469679089726,0.3021254456244,3.273777079939569,1.275056841976943,0.2416053968946423,13.422084261240167,-0.6457765581321975,180.152345915831,0.009572966948504326
35,2.2134785661215144,0.5045764177437436,0.29776173295843367,2.7060818073856487,18.737374455076125,4.595695040992796,2.4231535964465025,22.276302500547995,31.17099540341627,4.917756103305918,2.554239585003087,28.377884025820446,0.00040673015518698225,0.03141923602602863,0.04777214274769772,0.8091037770439693,0.7940646900323218,0.8073462747234551,1.174927427263231,1.1970922868842349,1.1772721297546729,0.7904139546304966,0.8126135329390959,0.7278010028087852,0.7150723277811516,0.7273926119503603,0.6524782326279817,1.017503536767777,1.017503536767777,1.017503536767777,0.24361601989495,0.2414013288049959,0.2657629307944909,2.0837629392985977,2.0853617823635315,2.096958184237705,0.7254529660041937,0.6978086848890492,12.45763738099176,1.1223999425302993,0.17707709265133165,2.9628877555086306,1.1695242563221604,14.451219205642277,430.680382413303,-0.5956985008986257,185485.5917956689,-0.07488343859556285,0.7388759173461708,0.7346243998159356,12.45763738099176,1.1203523645555522,0.19659129008028794,2.9990797800892603,1.1796096539611698,10.52035408781991,431.2896575882515,-0.6462632568459852,186010.76874259123,-0.08514739076075427,0.8812298920055612,0.8879665794676078,12.45763738099176,1.1361224577607694,0.27792004433985457,3.6776108853593814,1.2723887890556682,-0.2811260662648909,13.687255815940707,-0.03574625229957462,187.34097177100273,0.16123252381450862
36,3.2752587884641,3.11018288348116,4.2879993242198875,25.470708151518636,28.5351391392306,26.43967165949104,36.53858183952896,218.0438342983454,38.6610433253776,36.099206548687604,49.33597760275633,292.5905980563428,0.0005614060301741534,0.04228039971036421,0.07248847683688049,0.848799714982241,0.8409293688840771,0.8273775201587719,1.1105989223847585,1.1210635306737582,1.1384445298689636,0.48775222559454495,0.5379993192139114,0.5257894165986143,0.6125383815140106,0.6387694309513269,0.6350415049042702,1.0175182343734228,1.0175182343734228,1.0175182343734228,0.19932219809586818,0.19046343373605182,0.23475725553513363,2.0569189019543153,2.057906623685524,2.0534743063656298,0.5564669491170302,0.3977141864679657,12.45763738099176,1.0456478391205721,0.0482118079574787,7.339250624631207,1.1002679450067705,6.367288588245572,532.1386379481913,112.84650732278632,283171.5299973563,-0.26005152188348307,0.5684681469589035,0.41857089826031024,12.45763738099176,1.048446911687219,0.04563074433358902,7.272386081781166,1.0928396709168826,11.63907971877694,524.7082970123813,109.3487899221233,275318.7969536333,-0.36233930320698415,0.6541027815803981,0.4981134988765899,12.45763738099176,1.0675730144077404,0.047040104622683654,7.42391705794582,1.1751069846416677,-0.3378315710154047,16.12452018322285,99.4459928997423,260.000151139161,0.534596656821375
37,927.5435783879288,115.95349822979279,29.11741379316365,135.00838682656155,221.88888519381888,50.85303260481997,46.921084414795104,194.9577310112653,123.0761276697529,62.79517572324769,63.665374004848076,261.5041760394279,8.67849665898544,0.2741106245707167,0.1598149873018923,0.05226953509231362,0.3189357013456484,0.5312069290134831,8.771713893587293,2.875436947454095,1.7436101207475372,0.005967412409658595,0.3842029784705843,0.4529171476077573,1.3983612870031792,0.9662413110618686,0.8502798511230594,1.0162343580305242,1.0174888377849094,1.017547625454264,0.16167244956664864,0.20596627136573045,0.26133354861458274,1.7519910157516423,1.963416228687998,2.0210827239475226,0.7391202446977161,0.4495845625013473,12.45763738099176,0.9182081798121771,0.1547912903100656,6.750098480118516,1.3737186617779877,2.9694083756688343,821.153348688095,7.610886077592825,674292.8220616721,-0.020057474949794825,0.716517218545992,0.4328204166428999,12.45763738099176,0.8758113056847335,0.17025504999545077,6.651142800522281,1.37894202172352,14.24060755560008,906.3051582463104,7.42382442242811,821389.0398638698,-0.16717688981851409,0.07665374155905935,0.004349860264102857,12.45763738099176,0.05084834100996755,0.13008318703972518,5.485372268177022,1.3862908347357006,-0.5298269022122919,7628.889990809628,15.667795940927839,58199962.491875336,-0.08061758985311714
38,5.320533147619316,2.683716172405467,3.6811959115565847,22.688639126992726,26.654224883092688,22.777815481416475,31.494484746140877,193.9776606381475,32.13407404875315,30.943700973226765,42.41648461225644,259.133687095965,0.5033924608963346,0.11946793863871825,0.08141755058272862,0.06226307588947487,0.4708852656460103,0.7353613802886279,11.906059183932298,2.0035857175558043,1.285819280660415,0.006432559401073199,0.4010517714103463,0.5167978372255516,0.9968613410117055,0.8247019209330485,0.721204322063727,1.017349128700548,1.0175329306021503,1.0175329306021503,0.18381936046618955,0.18381936046618955,0.219254417905455,2.5873138203250963,2.1002698144644363,2.0615725898532227,0.6523859486013883,0.5001835678118636,12.45763738099176,1.0353370151323698,0.09204241544882567,6.934530651301793,1.2851426504783086,-4.5406973740861645,558.2729426604633,43.821881680302205,311668.67850677297,0.23184435118485033,0.61188023510659,0.41775324529049734,12.45763738099176,0.9996124584030717,0.12159346567363245,6.887313162234799,1.340073171165323,5.0397041675870895,615.5866000309985,28.485289051169378,378946.8621377246,0.1738387096582957,0.045537835029329565,0.0011990236113893229,12.45763738099176,0.052177892746587864,0.07705533513504173,5.3657173849227515,1.3850591500954614,0.0135553545477061,1812.4845723772792,25.494624474390687,3285100.3251056485,-0.5231787541959356
39,222.91905361797689,38.482468161555204,38.19833031055251,93.12261814989992,80.46562693738048,15.79737722355716,12.946804472859958,91.70810684163058,118.51678942207877,21.906446649289887,22.348061057664687,142.4889036742317,1.5288278082021403,0.158171276468357,0.1791897822993612,0.09043347464213974,0.36583525500616654,0.47787101390271214,8.783207558152068,2.5740294683021094,1.9724583253201642,0.0869507304279218,0.5186812553380766,0.4537921618049936,1.2820285117234753,0.9616081543908347,0.8388397002604729,1.0167964264594065,1.017503536767777,1.0174888377849094,0.1926781248260059,0.22589849117531727,0.21039565354563863,1.9107145145768814,2.004190184487426,2.0980709596074543,0.6099127204470522,0.42877205730004037,12.45763738099176,0.8565469594894195,0.16428570587737087,6.360013391376741,1.38141754715207,23.790594858368195,903.0861928949231,13.324201035268786,815564.6717974462,-0.036069514221115526,0.5905806627792485,0.38056786783994995,12.45763738099176,0.8259994202079605,0.1960717168258621,6.104604831214374,1.3829537017324345,13.242216389575772,967.5706786161028,10.439905787469094,936193.0181176256,-0.005004825534040527,0.2877868160185255,0.09290734095162194,12.45763738099176,0.20057828061460337,0.320831686636771,5.240109178830828,1.3862797837583793,-0.703826250437134,3229.8645450787194,7.512982325136804,10432024.979556564,-0.05545466032237179
40,26.211575392598917,8.620275322093796,5.958035350724504,25.31259294931793,231.2064049062833,72.17670769709538,50.809288223293336,213.93278077365056,311.71509507349424,105.3469307131601,68.77292995272714,276.52222261808004,0.8333911842792874,0.21272694703071635,1.06068162928309,0.09698035022961023,0.39736435349647586,0.23926355543406555,7.949488265271587,2.2586007901047767,3.7199625145537154,0.01562533008399703,0.676431334606056,0.5226687038683467,1.2521780551498531,0.8977470199871143,1.0389520423509333,1.0170545967727582,1.0174961874485149,1.0174079687477027,0.35213588330270046,0.34992119221274637,0.3432771189428841,2.0029133706697713,2.020852494007293,1.9464654366180967,0.6743551137189785,0.4725975852078332,12.45763738099176,0.6251596444203442,0.1590154912158315,6.509541851328517,1.3852597339252148,4.771402084954126,1609.4094368794335,9.537169119070468,2590198.735516575,0.21937027648547777,0.6948859803016441,0.4656355758873359,12.45763738099176,0.6767950716018962,0.13502928679982706,6.821803182128703,1.384629714439552,-1.8139128613878484,1424.6101033383718,10.351090512588046,2029513.946533766,0.3324663012994403,0.102524562507184,0.010223410794549713,12.45763738099176,0.09060442906021329,0.001663577025417374,5.80006528635532,1.3862900755778558,2.1739986056727454,2418.983305141449,20.594974823076214,5851480.230553048,-0.06348406985846468
41,1.7168691461430905,0.4842564123644917,0.587610016667915,3.3826113640073467,18.417473423168847,5.023353470422525,5.736460031673207,36.92000171063392,39.782973522443285,10.251123094294826,7.799777607705644,48.058956311411606,0.0002916500518046488,0.04285273678756643,0.08720071620341222,0.6841644214458016,0.7735322709456663,0.7025096262091189,1.2728164891509497,1.183308584031609,1.3003955619353502,1.240320693494161,0.8201498911218696,0.934460707301729,0.7603326207264565,0.6640448469233318,0.7474705129127288,1.017562318930067,1.0175255826598824,1.017547625454264,0.4407235269008641,0.3432771189428841,0.3942150140118282,2.1000502035994453,2.1020818166271056,2.0952521255685395,0.7309654561893519,0.6344580452517069,12.45763738099176,1.087676141550865,0.1070336824850029,7.030967221876363,1.1151519290787546,2.458728302299278,521.38659808666,19.257822549044686,271843.9846643804,-0.5140616614928415,0.6316815249736107,0.5003254582829411,12.45763738099176,1.0930683899010403,0.05686364096935383,6.922438793631661,1.040720240117072,3.354164211276327,504.933395405311,20.280832514041407,254957.73379553613,-0.4515210765295918,0.2920370952762288,0.15299012656796118,12.45763738099176,1.3648872940265067,0.008598159136964201,3.7696771868979444,0.7014270627876417,4.068626791764191,35.22144648729586,0.7663691787501588,1240.5502926574459,0.030068664056472395
42,674.1289306016679,76.85547244012403,38.72917686225694,199.11439245535172,141.6700571158367,63.217790450709224,76.20936897125688,373.61131114239726,197.35571791595368,91.53374483287857,105.94145063190817,517.1913163832482,8.070662435388186,0.2965221588990461,0.3905676125834489,0.05815766830031897,0.4770258563415972,0.5668714710205697,11.289340003645455,1.9090125100637338,1.607286878814949,0.015368430897066769,0.6900525343364645,0.681781054161205,1.3408861054915324,0.9533484567356842,0.8953348248234003,1.0159674086430759,1.017562318930067,1.0175770110298636,0.30784206150361865,0.316700825863435,0.3211302080433432,1.7991562015204947,1.9612752433773277,1.999576535284924,0.7407885387492095,0.5635323204055515,12.45763738099176,0.7349060761371982,0.14848650905697766,8.341123131365075,1.3577230907564641,-25.850805610023077,1223.011713568718,98.30538534458594,1495757.6515262923,1.2525864412417071,0.7508226286297641,0.5696303177490303,12.45763738099176,0.7309684959181122,0.15737494266197247,8.222149358423227,1.360789102792607,-8.939598692516498,1223.856635468407,90.08376910244347,1497825.0641800489,1.0014937897226823,0.12080940763562142,0.014285169282306378,12.45763738099176,0.08903348597722872,0.12676726455282009,4.94385843041786,1.3862931055451182,3.137154307515548,7360.244875203912,17.374423195164972,54173204.62296544,-0.9062004832638532
43,3.0616960852204906,2.0770236482557176,2.8101213283870248,17.305893492341863,31.26970991301333,19.177019094617858,25.59188031784562,165.33687102195864,31.34895016735524,25.193249825998294,34.06413633252194,219.63726409746087,0.013394121460307093,0.10324075273921224,0.17105567052993165,0.20360699876685756,0.7619843122336303,0.7853733594896414,4.381846320466767,1.1984029467602986,1.1618430890218776,0.1483761408751793,0.6824834698757466,0.4913083184747945,1.1947299849890398,0.7264835458627487,0.6541110082941576,1.0171651111081328,1.017540278200265,1.017540278200265,0.28348045951412365,0.28569515060407774,0.22811318226527136,1.957186658229685,2.068586604444104,2.072098551470643,0.5073447128067587,0.42633595664751434,12.45763738099176,0.8734538132874181,0.033139478513275686,9.393852537272927,1.0685986756682544,5.121266498559066,828.7673802447954,438.7091200022689,686855.3705578214,3.8547749292077707,0.5844665195879699,0.516210763398686,12.45763738099176,0.8744453669678158,0.05085806691915283,9.358365094850607,1.0953018144049038,1.9568813305115496,822.2542180636988,415.33103373372717,676101.9991235447,3.4135971464882586,0.25942298617540116,0.15708799106313143,12.45763738099176,0.4397038703581242,0.0007207030476697157,5.223522260900448,1.385264653405335,4.576111129156022,299.57178103408876,32.2615559395581,89743.25199193602,4.0023763787719915
44,1.7381181715385976,0.4342120599778543,0.20901548836859174,1.6106192512667836,18.731526126678926,4.516440081313691,2.0725767434532605,18.828669871864378,14.539591546904118,3.6625981525783926,1.853366223421872,24.340383491676427,0.00011426745749116477,0.025078976167277056,0.036436890775249725,0.7511250095232433,0.854561363934369,0.9163856055100417,1.2629846391310227,1.1127538196838316,1.0381301839980175,1.5726987061038744,0.7671348846655428,0.6214229148188103,0.7611854773805218,0.6500827184854198,0.5273655939453399,1.017444732569934,1.0175108857427335,1.0175108857427335,0.3454918100328382,0.1971075070059141,0.13952553866710773,2.084981403729433,2.077131919190738,2.0637877666694124,0.48650719935628706,0.44356319164830305,12.45763738099176,1.1454531399911017,0.05430589840754065,2.4764730530922825,0.44154978321336075,-10.811752010832803,380.46764392987154,-1.4099670288053752,144755.62807754753,0.0002391557365181042,0.5890127647953141,0.57718025898686,12.45763738099176,1.1418747979425263,0.1092784047705859,2.7551156843537696,0.7036357132885176,0.0957906061810973,384.73671846712375,-1.3069717929164975,148022.34253685083,-0.002191958306785084,0.2599128337284693,0.24436449099771562,12.45763738099176,1.504680219645609,0.007434351006809557,2.697756855595043,0.09089414742365182,3.774169667971642,41.36847728536575,-0.663901888297104,1711.3509129098218,0.0008423414066518816
45,2.5800056187283094,2.304764143352938,3.0796994917365224,15.090297711949646,25.75749364378773,21.92298123175356,29.25526463345104,144.43595191813029,31.238977480319356,29.392763395793885,38.77036541543729,191.53660607482638,0.012754792068941803,1.403643983175252,1.5969288186882813,0.1629829531450186,0.17898013810336427,0.20591492569075281,4.576209931931414,4.351441772062279,3.9275315176601557,0.12333371555012143,0.23187892843312263,0.15939407832669886,0.7769413201911041,0.7129777879292579,0.6124145051774311,1.0171209147248614,1.0171651111081328,1.0171945684419261,0.30562737041366456,0.23697194662508772,0.170531213926465,2.292927147741817,2.261515810909286,2.2397425893565632,0.3976124280352087,0.2881044722313281,12.45763738099176,0.8812842587288017,0.042561806408189996,8.025810102777335,1.3769815764599778,-16.202485139220585,833.8352855331083,76.07365995114887,695281.2834000803,-2.3309866697153288,0.3685901999606136,0.26850915103440404,12.45763738099176,0.7080908253742958,0.05798585152949452,7.219430882484517,1.3857187582499289,-5.0398784849032765,1264.9048413386954,38.25200572031664,1599984.25764207,-0.9292512539952923,0.3638865094161141,0.26673008391119746,12.45763738099176,1.3663730386357211,0.023339144875798672,4.721692517746458,1.274804027317134,4.485533574668942,54.35284089305301,6.20467264321878,2954.231313145536,-0.9207479149435185
46,599.9859621314123,47.93581938047939,19.96990907211694,102.01373737681162,1928.10665798433,370.21971011310575,169.05835531471678,227.34878809866086,1634.937893056337,396.23774220952316,167.23395820384803,227.2719417257303,7.922450229447873,12.686526367730508,9.739689217057432,0.045200963557782005,0.11031346602039654,0.12940709832241148,11.218195803779665,4.614893962257497,4.6605847960263835,0.0141888204209935,0.035654812001690225,0.04892894966653619,1.3776620920673082,1.0750856228412582,0.9815356936085491,1.0147754162890064,1.0159822511276886,1.0163676620530164,0.22589849117531727,0.21261034463559272,0.20596627136573045,1.7697348713422536,1.8042835179630252,1.8142980661463117,0.519561421339271,0.29644710886193554,12.45763738099176,0.571216581086351,0.1326244602690875,7.002832708402165,1.3846255474016538,-31.14572884209028,1888.2466552808573,10.875448746248619,3565475.431179345,-0.17218342056569275,0.3455153726552298,0.21663266412686452,12.45763738099176,0.3374833782993508,0.10548877109332153,6.54554775846997,1.3861150056913267,-20.050581731915813,3885.9823375212354,16.008341593999805,15100858.727527004,0.8815019560678664,0.07178346463871055,0.003697301774487681,12.45763738099176,0.05520953235850201,0.1321185489578989,4.795031292831148,1.386294302491226,2.002969094208609,7154.118150816293,13.03311114759008,51181406.51583914,0.005420899006865323
47,1.7051874877757123,0.8466912153397224,1.1019027819711642,8.757666945612785,16.931456941627342,7.555097949495437,9.58663667566707,75.31924157952389,24.767155238875766,9.794645360647905,12.512096503217133,97.96773002375221,0.0004057538840624289,0.02888034501591012,0.05596688279137783,0.8379867205456772,0.8934075587105228,0.8339472457104198,1.134391445075984,1.064083770632083,1.1399154856054472,0.5904037718147679,0.5550216235388574,0.546756077455813,0.6312474695580975,0.5675062817003399,0.6326496064619507,1.0175182343734228,1.0175255826598824,1.0175182343734228,0.1683165228365109,0.1683165228365109,0.18824874264609773,2.044302324020702,2.06197976460847,2.0736354230926985,0.5363020160814007,0.45385968476085187,12.45763738099176,1.0919114337068214,0.0758789948570952,4.463564289888881,0.9452418937705039,-9.800261711806243,449.5648072520106,32.87289316195315,202108.51591953743,0.35396270162767274,0.5240638200960261,0.44604566236270304,12.45763738099176,1.1001735065931186,0.06405152420449936,4.326672613630542,0.8468953126569879,-6.351814227555465,437.2390902694461,34.46655730133972,191178.02205965284,0.35031414260998545,0.7894972123904411,0.635633846711074,12.45763738099176,0.957273727197233,0.08137738637791193,6.4572903343486265,1.3547792748675178,-0.3231401868963561,23.983444974067123,17.72951823240189,575.2056328241055,-1.4633958373849056
48,3.420975106289394,0.4194889658495004,0.19810267401160672,5.484231304507798,34.537730686748276,3.9813554329715393,1.974344863053303,57.27019209968351,36.40113885165004,4.39906285013411,2.27487378735444,54.247323281835094,0.0009837421483459062,0.09806170192366288,0.06931778775274892,0.6685463368231611,0.7069646963437616,0.7361096493080379,1.421666744045041,1.3447112381381963,1.2911612986061678,0.6166963737966511,0.5378429009818982,0.7725644343888197,0.8192903110795731,0.7993560318470326,0.7502968829192187,1.0175108857427335,1.0175108857427335,1.0174961874485149,0.2701923129743991,0.2414013288049959,0.2414013288049959,2.1177460986805725,2.1058845297102837,2.096443619349956,0.6829430298047448,0.6460766724641709,12.45763738099176,1.116722724772984,0.1452599118626664,3.014173789303723,1.1506742730562913,14.751156154697412,422.66408088711444,-0.7206818669939765,178644.9252721492,0.02469146010528847,0.627412549346928,0.5491088784210744,12.45763738099176,1.09748479457267,0.14224269263579664,3.7396260882241843,1.258704125046672,5.44357201409133,517.8409734797831,3.3878394848813462,268159.27381448937,0.08145481673662656,1.0803492586914398,0.9332294090644503,12.45763738099176,1.3205328298349346,0.16027313153751324,4.966689330276768,1.3326195255588513,-0.1433609300421818,18.93749628916391,0.70929671709336,358.6287657020968,-0.12661452728616004
49,1.631914505356473,0.3987220126987595,0.32325768362957946,3.1525754598491513,17.148300527493912,4.192312797043205,3.4559396153916775,29.65004713388051,26.229273461558854,4.721643256865158,3.5370492998779723,35.21885268983725,0.0009578879874074876,0.09830862893489863,0.06758597700274244,0.6563545062612258,0.7072132656737404,0.7367881197036719,1.4476985522746664,1.3440815883078336,1.2897339334319948,0.8403762064171161,0.597414355025875,0.8509675892761659,0.8412641168012923,0.7952244608353018,0.7536870081651063,1.0174814877769223,1.0175108857427335,1.0174961874485149,0.3211302080433432,0.2724070040643532,0.2701923129743991,2.061429212790473,2.0756790509643968,2.083291856237283,0.6579450076762998,0.6249460433251188,12.45763738099176,1.1234852708491203,0.112948634764649,2.2937811729163187,1.0931751894954667,4.746761989791935,412.26442604165555,-0.7995762029078781,169961.95697945566,0.05767804189058942,0.5550879802317663,0.4449934418607588,12.45763738099176,1.1029386577745581,0.038758661443903206,3.365808323564139,1.2442958244522675,-0.6782164816158343,512.0922220733577,3.5911197411849587,262238.44390802906,0.08570730443132393,0.5803217622824652,0.5449941919375103,12.45763738099176,1.2453865643279587,0.021618875725839395,3.358858180932656,0.8491664512947397,0.6508596280028245,35.75210754887458,0.026097168956905392,1278.2131941862947,-0.010320148253162041
50,7.669165542179982,7.432901372674466,9.80823774602308,45.432043364186924,75.82297567079635,72.34283246602837,95.13102371019059,441.3415797238657,105.50431099141575,95.28098358833185,127.63908561037177,598.0295602937799,0.0008139476529417615,0.08983577793468113,0.16657942558874553,0.7276679641382212,0.738477127981547,0.7385808655099075,1.2385937673974676,1.2323090521193354,1.2337670379217276,0.8319135264523306,0.5766137132764398,0.6767548230969329,0.8031767698125577,0.7296928500035184,0.7434140571361858,1.0174961874485149,1.0175255826598824,1.0175255826598824,0.35213588330270046,0.26133354861458274,0.2724070040643532,2.037360985012504,2.0518800777497286,2.0552011500900758,0.5643073253192639,0.4195693834545742,12.45763738099176,0.8965432156996154,0.07250085959109204,9.135984765642243,1.1693554823867987,-0.1480692320323697,787.580599603846,436.3246462762312,620283.2008723536,-2.961742360298028,0.48128034089170457,0.33004355247454015,12.45763738099176,0.8982317719439616,0.06065719202457255,9.126608203675124,1.1686732357796106,-5.488337696452362,771.021982043266,436.65393021448784,594474.8967939265,-2.850485327173596,0.4261970963417179,0.3621972238964776,12.45763738099176,1.5248930240366612,0.017731763435754687,2.1272045738209715,0.3417158195861369,1.368889140499613,51.55842641564221,1.1283064057927215,2658.271334457192,0.05769122095635712
51,7.925736390208195,4.382971164895752,5.600439632655439,29.472158801976303,74.84142966890073,39.22956014469019,50.092355880330814,268.4988547802476,87.83942294366074,51.81582680127843,65.88434380043353,358.57379886800516,0.0008577673129703486,0.09480048732361776,0.13414771400228018,0.6586828337313916,0.6764388103188868,0.7600223331032762,1.3955606772884548,1.3767561992342534,1.226481893011464,0.9270412384421236,0.6949105876854539,0.726881879480663,0.8693364985791708,0.8241813161467646,0.7378781306952201,1.0174814877769223,1.0175549723641855,1.0175549723641855,0.3454918100328382,0.2724070040643532,0.2768363862442614,2.0551760377447374,2.071792219949068,2.073045948341749,0.6825752583503184,0.54304678227175,12.45763738099176,0.950076346275945,0.09709020562991484,8.363382052476792,1.2400727794326067,11.938871067728508,718.4395540871512,124.0261039211685,516155.39287694474,-0.3787456949725546,0.6982779470286826,0.5424620195857003,12.45763738099176,0.9400264742404725,0.1041058516268436,8.310607308935053,1.2774319700633125,11.981251017442515,728.08289007595,108.62616151368941,530104.694821348,-0.6667592464351483,0.7151210011622258,0.6284612088563001,12.45763738099176,1.5644702767443746,0.03439248698770032,4.2070840380824714,0.6874787109519065,1.5523405196969913,47.994142566452716,-0.08787085681552398,2303.4377206889885,-0.015542946182461562
52,1.756609514197335,0.8998670644689086,0.9274395308983086,6.500413785201556,20.081353425245865,9.024958957023063,8.647264291394524,61.76274059518396,17.68559057925602,11.592862033045474,11.339020730430203,80.15044250691889,0.000225716502933435,0.03746156076548572,0.05365454620774093,0.7011871000755342,0.7723347537205163,0.8382001906552924,1.3131810670407742,1.217009378485654,1.1213752860123813,1.3190303221516242,0.7341062962783182,0.543504535029333,0.8109821003186191,0.7262465152604164,0.5988712050621959,1.0174594356862923,1.0175549723641855,1.0175549723641855,0.28126576842416956,0.23032787335522545,0.17938997828628137,2.065271240184093,2.0665144606990506,2.0629889205213914,0.6217162084016468,0.5598209506786855,12.45763738099176,1.0986566365957446,0.10372694512164309,5.897944432389307,1.0435134823302226,1.7440899072457512,463.1153794985934,31.83974065563652,214475.8547281262,-0.5476923843544916,0.6729783021160958,0.6209569667264021,12.45763738099176,1.092563893372599,0.13235943733542013,5.981597672217248,1.120679531370006,1.90283838961642,468.72064000024614,28.229352215272726,219699.03836224036,-0.5006740104271334,0.6243880395584638,0.5501799508701116,12.45763738099176,1.5693871116206395,0.03426273308157289,3.989667650294207,0.42797465188423733,2.675575222087401,45.413780883592615,-0.710655787548867,2062.411494142962,-0.004305945442055447
53,4.92616809859045,4.612493929271186,5.932478232762684,29.84898179705105,55.94928423810753,47.534915481936245,61.11300218557328,309.13613353925706,69.913008918693,62.6310167712096,81.05093834691809,410.68045789962025,0.0009616478764141401,0.1142267190206073,0.18965662709687547,0.7694011582123944,0.782437149425928,0.8085347513068264,1.1890444129891766,1.1788972121947197,1.141134909043966,0.7330638689949415,0.5617125570015497,0.3956482291233958,0.77837869224975,0.7080558667568745,0.6200844481437164,1.017562318930067,1.0175770110298636,1.0175770110298636,0.28569515060407774,0.2524747842547664,0.20153688918582227,2.1012533818770978,2.097698835448927,2.1018811938361726,0.5521007491295027,0.4263573450451213,12.45763738099176,0.8581831709746055,0.05872810998024191,9.533608293612552,1.077386035132198,0.8303414734494616,876.1315723139718,192.01266320335264,767606.5320053523,-0.6186340474301727,0.5952572440808308,0.4747168352926001,12.45763738099176,0.8588158927273178,0.07428556730411116,9.505597216950546,1.1015447859216345,-0.1456947902646987,868.183306414447,184.93777591325275,753742.2535367215,-0.6197000262539356,0.4663655949645418,0.39206895304332606,12.45763738099176,1.3680797140369803,0.01952373021113384,3.8808938405766122,0.28963410396939226,0.2838404362141009,52.77686141829027,-0.9613722643670646,2785.3971011654157,-0.010576542557240949
54,1.8008654556622967,1.3146715927909507,1.7959890095925415,11.108074459769853,20.116834090174102,14.10577034221948,19.07576647973482,123.55864137454253,23.730950691011515,20.11018732745581,25.8291856664099,166.77513692545517,0.0011332020492386193,0.13306656455212051,0.22898720055682922,0.792508332239846,0.8030451739001384,0.8179836907871895,1.1574978399378515,1.1479747636873292,1.1272936683290706,0.633929603489139,0.47981989270955916,0.36700178116276505,0.7332962994239061,0.6568969069618376,0.5734665473117004,1.0174888377849094,1.0175770110298636,1.0175770110298636,0.3233448991332973,0.24361601989495,0.21482503572554681,2.103108516048721,2.102458900840932,2.1018288401277583,0.4413540666784965,0.3302296428175603,12.45763738099176,0.8168989475859944,0.02430357772510656,9.713996411297515,1.0105205372323491,12.489695488371758,960.3687205171537,162.94000238156588,922308.079347755,-0.36978636435475887,0.4799763577800582,0.36876770477872894,12.45763738099176,0.8186905514617643,0.033798333362895325,9.700494278558848,1.0288438240326878,9.695518004191982,947.4388607584291,159.600254892677,897640.3948752299,-0.3154876704227474,0.34871062357792937,0.30531659544330836,12.45763738099176,1.4623717547470652,0.011252511191882402,3.8656059974416688,0.23458666701479602,4.241241051298289,48.289359452010935,-0.6200866147879442,2331.862236285518,-0.01982250214874066
55,2.197503715998987,0.7720157244092163,0.9749595164523761,6.070286893281846,24.99908336270411,8.724481586117793,10.843439001029381,71.88674366132703,58.49839455003618,18.086942356926073,15.366457236636831,96.60414520593156,0.0003241381401765655,0.05240627008083547,0.08946593855778343,0.7638888049659656,0.8068955472472358,0.8200397511292944,1.2203964104477685,1.1606610631176955,1.1410857985358056,1.0018914778145172,0.6621198365301434,0.5312121651517193,0.8270334606494022,0.7014168200895502,0.6342272852618187,1.017444732569934,1.017540278200265,1.017540278200265,0.3477065011227923,0.24361601989495,0.21039565354563863,2.0773949741989006,2.080748116500771,2.0740710114991363,0.5705661760421323,0.4781194977298932,12.45763738099176,1.003028287786134,0.07692336434374775,8.323527551954761,1.12972472764138,1.0798786139628476,590.7469182308688,213.38157373662554,348981.92139926885,0.45153293348927676,0.6044220443533863,0.5357909974966555,12.45763738099176,1.0035164341462466,0.10365556594906748,8.267694558688197,1.1427396213659282,4.326700657330719,584.1238666479641,206.14599669778235,341200.6915877685,0.6940760115348137,0.41870337919259804,0.3048632391537878,12.45763738099176,1.3491220479270092,0.018717496239388707,3.3350564672833976,0.24068192733939456,5.603343652172931,36.5541036741846,-0.9796985201596509,1336.2024954230365,-0.006358929344765494
56,14.265162320422363,6.2020278665737925,7.974392977460758,38.92708132869559,77.49618887951176,66.42907750576273,88.4987562160839,421.7251559038889,94.4912349675955,90.23828445010815,119.74126971497407,570.3532726250164,0.027106517866759258,0.12841292761859735,0.18996630457573685,0.26166918504700026,0.647257944074217,0.7121206576569081,3.505220702208131,1.408092147932739,1.279337172238099,0.03876406151550741,0.6644255692918793,0.5437233341748079,1.0203234709656799,0.7950198662682714,0.7450157506400346,1.0167816610103644,1.017540278200265,1.017540278200265,0.32998897240315955,0.2989832971438023,0.25690416643467456,2.612287677511402,2.1248891131355974,2.1059187780288284,0.7232693429812938,0.47275584491243894,12.45763738099176,0.8634265452815895,0.09596653051606568,9.082829227189283,1.3149637638078615,12.412983001045047,900.5492836342318,276.74099718195066,810989.012254128,1.820459337908763,0.7492891345530284,0.523774629892138,12.45763738099176,0.8560592686023542,0.11012450798858402,8.971016399519401,1.3280991965049667,10.36346757430178,907.8557973279612,245.80743381792266,824202.1487419881,1.6127950905565387,0.11781779893101318,0.03669056932031822,12.45763738099176,0.2458862388548217,0.09600684016800215,6.251325993240642,1.3859122742985805,4.599325315780533,442.0382496132376,16.853111080206784,195397.81412113496,-0.32576613281315764
57,26.811527955351213,5.264835300018479,2.7991813413640094,21.222457467668946,61.06182646395153,40.44075674952098,30.804620386172445,142.09477713233025,105.19010551659815,54.20088634643159,40.975371350932306,185.26119934108993,0.02708112870860719,0.11542247192456218,0.12523811733313345,0.2446586135110323,0.44650357287540193,0.5613480308604937,3.7640722451006394,2.0923489750778668,1.6654158589373265,0.10798668707337879,0.9952160776236628,0.9711183679262938,1.142099451090452,0.9222098429960695,0.8403232885357063,1.016789043908897,1.0175696651519475,1.0175696651519475,0.34106242785293,0.35877995657256273,0.3454918100328382,1.8727782503885353,2.045195267062631,2.053964689969521,1.0724084924852813,0.9095223839007233,12.45763738099176,1.0062839563550463,0.20710242074298627,6.773032899341341,1.3681041846448123,0.6908772534711716,703.3043403073315,11.207026747024436,494636.99509513075,-0.6613121845649702,1.0833009595753227,0.9517019398803075,12.45763738099176,0.971893700042803,0.2795669820373284,6.566278815233372,1.3740914192512956,-2.547039489027224,746.5147614349897,8.462225594076404,557284.2890403396,-0.5493580742210854,0.1329974386963677,0.04615436538638907,12.45763738099176,0.20988529348145377,0.10118786966746392,6.230727583975487,1.3859293761149063,1.425350269524347,442.3829218481304,16.787762645052588,195702.64954288906,-0.3166881413468068
